7 0.1546875 0.4015625 0.15625 0.2953125
7 0.0796875 0.6046875 0.1078125 0.128125
7 0.35078125 0.35 0.128125 0.1859375
7 0.5671875 0.3859375 0.0890625 0.15
7 0.6734375 0.45703125 0.096875 0.1734375
7 0.82109375 0.39921875 0.1109375 0.1390625
6 0.4 0.5421875 0.0859375 0.1546875
6 0.2328125 0.68984375 0.1921875 0.1203125
6 0.571875 0.5796875 0.075 0.1875
6 0.69375 0.5796875 0.0578125 0.059375
6 0.80625 0.515625 0.0703125 0.0796875
6 0.19140625 0.5984375 0.065625 0.065625
6 0.271875 0.5921875 0.0578125 0.0703125