6 0.115625 0.69140625 0.1875 0.1734375
6 0.1140625 0.4640625 0.0671875 0.1875
6 0.2125 0.54296875 0.103125 0.0984375
6 0.3078125 0.51171875 0.1109375 0.0828125
6 0.415625 0.30625 0.075 0.0859375
6 0.584375 0.31640625 0.065625 0.2234375
6 0.83046875 0.37109375 0.0765625 0.05625
6 0.71875 0.52734375 0.103125 0.0921875
6 0.93046875 0.821875 0.1390625 0.15
7 0.50625 0.12734375 0.165625 0.2484375
7 0.69140625 0.28359375 0.159375 0.196875
7 0.08671875 0.18515625 0.1703125 0.365625
7 0.2828125 0.1859375 0.21875 0.3640625