6 0.12109375 0.59140625 0.1375 0.1375
6 0.0515625 0.72265625 0.09375 0.0984375
6 0.30546875 0.56875 0.0828125 0.090625
6 0.446875 0.31953125 0.1015625 0.096875
6 0.5734375 0.32109375 0.034375 0.1453125
6 0.93125 0.46875 0.1375 0.1921875
6 0.725 0.62265625 0.1015625 0.1015625
6 0.71875 0.38671875 0.0578125 0.040625
6 0.9359375 0.83671875 0.128125 0.2578125
6 0.0921875 0.44921875 0.1296875 0.1546875
7 0.11796875 0.18515625 0.2328125 0.365625
7 0.3421875 0.13671875 0.2265625 0.2703125
7 0.5265625 0.15625 0.1546875 0.1859375
7 0.865625 0.178125 0.2640625 0.3515625