6 0.0640625 0.68984375 0.125 0.1296875
6 0.125 0.5421875 0.125 0.178125
6 0.3140625 0.55546875 0.0671875 0.075
6 0.43515625 0.334375 0.09375 0.1015625
6 0.57109375 0.3234375 0.0359375 0.115625
6 0.9046875 0.46484375 0.1421875 0.18125
6 0.93125 0.865625 0.128125 0.2078125
6 0.696875 0.5828125 0.115625 0.1296875
6 0.71015625 0.37890625 0.0578125 0.0625
7 0.134375 0.16015625 0.2640625 0.315625
7 0.353125 0.13828125 0.1640625 0.271875
7 0.525 0.1296875 0.1703125 0.2390625
7 0.884375 0.20703125 0.1921875 0.2453125
7 0.7015625 0.1734375 0.159375 0.3125