6 0.08671875 0.64453125 0.16875 0.2015625
6 0.34140625 0.49140625 0.0578125 0.1234375
6 0.43359375 0.2921875 0.0671875 0.10625
6 0.5578125 0.2859375 0.0390625 0.1390625
6 0.66328125 0.51171875 0.0890625 0.0828125
6 0.76953125 0.390625 0.084375 0.134375
6 0.80390625 0.6453125 0.1171875 0.2
6 0.93828125 0.34453125 0.1234375 0.1484375
6 0.1984375 0.47578125 0.1296875 0.18125
7 0.15 0.14453125 0.2984375 0.284375
7 0.38203125 0.12109375 0.1546875 0.2140625
7 0.5140625 0.14296875 0.0875 0.1546875
7 0.85078125 0.18515625 0.1375 0.2015625
7 0.64765625 0.2515625 0.1078125 0.1390625