2 0.3328125 0.2046875 0.0484375 0.0984375
2 0.71484375 0.20703125 0.0390625 0.065625
2 0.4375 0.259375 0.04375 0.0984375
2 0.56953125 0.2953125 0.04375 0.053125
2 0.87890625 0.35078125 0.0484375 0.0828125
3 0.17578125 0.3734375 0.1078125 0.3515625
3 0.3125 0.3921875 0.0984375 0.2546875
3 0.703125 0.3921875 0.096875 0.228125
3 0.43125 0.39921875 0.0859375 0.2
3 0.55390625 0.46875 0.1015625 0.221875
1 0.26328125 0.50234375 0.0203125 0.04375
3 0.303125 0.5046875 0.1328125 0.4921875
1 0.646875 0.5203125 0.025 0.0671875
3 0.42421875 0.525 0.1078125 0.4375
1 0.7390625 0.53515625 0.0234375 0.0796875
3 0.69609375 0.54296875 0.1328125 0.53125
3 0.865625 0.546875 0.09375 0.2671875
3 0.5515625 0.54921875 0.1171875 0.4015625
3 0.1875 0.5609375 0.134375 0.7234375
3 0.8484375 0.65234375 0.1453125 0.48125
1 0.8140625 0.67890625 0.021875 0.034375
2 0.1890625 0.0984375 0.0671875 0.0671875