2 0.25859375 0.2125 0.0265625 0.04375
2 0.5484375 0.228125 0.025 0.0484375
2 0.375 0.24609375 0.0296875 0.0453125
2 0.615625 0.25625 0.0265625 0.0453125
2 0.4390625 0.27421875 0.0296875 0.0484375
2 0.50390625 0.28828125 0.021875 0.034375
3 0.54921875 0.334375 0.05625 0.1265625
2 0.2546875 0.3421875 0.0625 0.15625
3 0.5671875 0.34765625 0.0203125 0.0921875
3 0.36796875 0.3484375 0.040625 0.128125
3 0.43515625 0.3578125 0.0484375 0.115625
3 0.34375 0.3578125 0.025 0.071875
3 0.5 0.375 0.04375 0.115625
3 0.51796875 0.375 0.0203125 0.071875
3 0.61171875 0.375 0.059375 0.1546875
3 0.46171875 0.38203125 0.0140625 0.0484375
3 0.47734375 0.384375 0.0140625 0.0609375
3 0.4125 0.38671875 0.0125 0.053125
1 0.52421875 0.4015625 0.0078125 0.040625
1 0.55859375 0.40390625 0.009375 0.0390625
3 0.5515625 0.41328125 0.0546875 0.30625
3 0.36328125 0.41328125 0.0609375 0.2578125
3 0.43515625 0.41796875 0.05625 0.2546875
3 0.58046875 0.421875 0.0171875 0.071875
3 0.63828125 0.42421875 0.025 0.065625
3 0.49765625 0.43046875 0.05625 0.23125
3 0.2546875 0.43984375 0.0875 0.3390625
3 0.615625 0.4515625 0.0703125 0.30625