2 0.0875 0.16328125 0.0609375 0.0890625
2 0.2234375 0.23828125 0.0515625 0.1015625
2 0.34140625 0.25703125 0.0578125 0.0828125
2 0.61796875 0.2671875 0.084375 0.125
3 0.0875 0.36328125 0.1109375 0.2546875
3 0.02421875 0.3796875 0.034375 0.134375
3 0.228125 0.38671875 0.0875 0.240625
3 0.14921875 0.40234375 0.04375 0.1203125
3 0.46484375 0.40390625 0.125 0.3390625
3 0.18125 0.46015625 0.0171875 0.0875
3 0.2765625 0.46015625 0.0265625 0.1109375
3 0.29453125 0.46171875 0.0234375 0.128125
1 0.02265625 0.4703125 0.0203125 0.04375
3 0.49765625 0.47734375 0.0609375 0.196875
3 0.33984375 0.478125 0.1015625 0.2859375
3 0.36875 0.478125 0.0640625 0.16875
1 0.13828125 0.48203125 0.0171875 0.04375
3 0.08671875 0.5015625 0.159375 0.534375
3 0.2296875 0.52265625 0.115625 0.4921875
1 0.4 0.5625 0.0140625 0.0828125
3 0.33515625 0.59140625 0.115625 0.521875
3 0.4515625 0.609375 0.1640625 0.7484375
3 0.5984375 0.62109375 0.1828125 0.4640625
3 0.5 0.665625 0.0609375 0.240625
3 0.58984375 0.678125 0.24375 0.6390625
3 0.6734375 0.7296875 0.0703125 0.196875
2 0.46484375 0.125 0.0765625 0.0890625