2 0.271875 0.22109375 0.0265625 0.034375
2 0.5453125 0.22265625 0.025 0.034375
2 0.38359375 0.25234375 0.021875 0.0484375
2 0.60234375 0.259375 0.028125 0.04375
2 0.43984375 0.27890625 0.025 0.04375
2 0.5015625 0.2921875 0.0203125 0.0390625
3 0.5484375 0.3171875 0.04375 0.1171875
3 0.3796875 0.3453125 0.0484375 0.1375
3 0.56875 0.3453125 0.0203125 0.0828125
3 0.27421875 0.34609375 0.0578125 0.1328125
3 0.4421875 0.3484375 0.0515625 0.1171875
3 0.353125 0.36328125 0.021875 0.0796875
3 0.60546875 0.365625 0.0484375 0.146875
3 0.51796875 0.3703125 0.0078125 0.0625
3 0.4796875 0.37265625 0.0203125 0.0671875
3 0.50234375 0.3734375 0.04375 0.115625
3 0.4171875 0.38203125 0.0140625 0.0484375
3 0.4625 0.384375 0.0140625 0.0546875
3 0.5484375 0.4015625 0.053125 0.284375
3 0.63125 0.4078125 0.021875 0.053125
3 0.578125 0.40859375 0.0078125 0.0609375
3 0.3734375 0.41328125 0.05625 0.259375
3 0.4421875 0.41328125 0.0484375 0.2265625
3 0.4984375 0.4234375 0.0484375 0.2078125
3 0.2703125 0.4359375 0.084375 0.3125
3 0.6078125 0.4390625 0.059375 0.29375