2 0.4703125 0.36328125 0.05625 0.05625
2 0.6453125 0.390625 0.03125 0.053125
2 0.31640625 0.4203125 0.0359375 0.071875
2 0.41015625 0.4390625 0.0296875 0.053125
2 0.83203125 0.446875 0.034375 0.053125
2 0.53359375 0.459375 0.021875 0.0390625
3 0.63828125 0.51796875 0.0578125 0.1734375
3 0.609375 0.5484375 0.0265625 0.0984375
3 0.6734375 0.55078125 0.025 0.0796875
3 0.3171875 0.55625 0.071875 0.2
3 0.5359375 0.55625 0.034375 0.1140625
3 0.3796875 0.57109375 0.0140625 0.10625
3 0.55390625 0.57421875 0.0203125 0.0828125
3 0.27421875 0.58046875 0.0203125 0.10625
3 0.3546875 0.584375 0.0265625 0.1109375
1 0.6734375 0.603125 0.0125 0.04375
1 0.60703125 0.6140625 0.0203125 0.0671875
3 0.45703125 0.61796875 0.1140625 0.3203125
3 0.63828125 0.6265625 0.0828125 0.3640625
3 0.8296875 0.6359375 0.0875 0.2421875
1 0.2703125 0.6453125 0.0171875 0.0578125
1 0.35546875 0.65234375 0.0140625 0.034375
3 0.32109375 0.6546875 0.0859375 0.3890625
3 0.78515625 0.671875 0.03125 0.159375
3 0.87890625 0.67421875 0.0265625 0.1078125
3 0.46640625 0.728125 0.16875 0.5390625
3 0.82578125 0.7328125 0.1203125 0.4578125
1 0.8796875 0.74609375 0.0125 0.0390625
1 0.7921875 0.75625 0.0203125 0.053125