2 0.73203125 0.375 0.04375 0.0453125
2 0.2546875 0.384375 0.040625 0.0359375
2 0.36875 0.3953125 0.0234375 0.0390625
2 0.5640625 0.39921875 0.025 0.04375
3 0.4484375 0.40390625 0.1015625 0.3578125
3 0.6390625 0.4796875 0.10625 0.284375
3 0.3734375 0.5015625 0.053125 0.1546875
3 0.56484375 0.50234375 0.0265625 0.134375
3 0.25 0.51328125 0.0578125 0.159375
3 0.37734375 0.5296875 0.03125 0.0984375
3 0.25703125 0.5375 0.040625 0.096875
3 0.37890625 0.5734375 0.034375 0.3046875
3 0.2515625 0.5828125 0.0984375 0.321875
1 0.6109375 0.58515625 0.034375 0.059375
3 0.475 0.6109375 0.2046875 0.775
3 0.646875 0.6453125 0.15 0.6078125