2 0.46015625 0.328125 0.065625 0.075
2 0.69140625 0.3796875 0.034375 0.0484375
2 0.3140625 0.4265625 0.040625 0.075
2 0.91953125 0.43046875 0.0609375 0.065625
2 0.41953125 0.44375 0.0265625 0.053125
2 0.56015625 0.4515625 0.034375 0.03125
3 0.68984375 0.52421875 0.071875 0.1859375
3 0.5625 0.5734375 0.0625 0.159375
3 0.3171875 0.58046875 0.084375 0.23125
3 0.9171875 0.6625 0.11875 0.2984375
3 0.44609375 0.66328125 0.15 0.415625
1 0.26953125 0.67421875 0.0203125 0.0453125
1 0.97578125 0.790625 0.0140625 0.0359375
1 0.86171875 0.80078125 0.021875 0.0390625