2 0.05625 0.26640625 0.1125 0.2734375
2 0.37734375 0.30546875 0.0984375 0.2015625
2 0.52734375 0.31015625 0.0828125 0.16875
2 0.88828125 0.3421875 0.065625 0.071875
2 0.7484375 0.37734375 0.065625 0.125
2 0.77890625 0.4859375 0.0984375 0.16875
3 0.88125 0.4890625 0.1015625 0.159375
3 0.51171875 0.4984375 0.1328125 0.246875
3 0.35234375 0.5046875 0.1828125 0.3125
3 0.89765625 0.571875 0.1546875 0.325
3 0.4890625 0.5796875 0.0796875 0.16875
3 0.04296875 0.58046875 0.0796875 0.2890625
3 0.2484375 0.5984375 0.11875 0.2578125
3 0.1109375 0.609375 0.10625 0.209375
3 0.5671875 0.625 0.0546875 0.16875
3 0.4171875 0.63203125 0.11875 0.190625
1 0.3421875 0.703125 0.0484375 0.10625
3 0.75 0.73828125 0.196875 0.3125
1 0.31484375 0.74375 0.0546875 0.0984375
3 0.65859375 0.81015625 0.09375 0.1953125
1 0.7328125 0.821875 0.090625 0.1375
3 0.0671875 0.834375 0.134375 0.2265625
3 0.81875 0.87265625 0.1140625 0.25