2 0.0453125 0.2515625 0.090625 0.18125
2 0.2484375 0.259375 0.0921875 0.1484375
2 0.859375 0.26953125 0.0671875 0.0828125
2 0.56484375 0.28828125 0.0828125 0.10625
2 0.38359375 0.4 0.1171875 0.1890625
3 0.859375 0.4671875 0.1328125 0.2125
3 0.084375 0.48203125 0.16875 0.325
3 0.259375 0.4828125 0.1421875 0.2453125
3 0.5609375 0.53515625 0.1515625 0.2890625
3 0.2015625 0.54921875 0.0828125 0.1609375
3 0.86796875 0.55625 0.2015625 0.4109375
3 0.10703125 0.5875 0.1140625 0.18125
3 0.29453125 0.60546875 0.0796875 0.1703125
3 0.62265625 0.6296875 0.0796875 0.2359375
3 0.41015625 0.7484375 0.2015625 0.4234375
3 0.2765625 0.75625 0.1203125 0.1546875
3 0.44375 0.86875 0.1703125 0.2578125