2 0.74609375 0.1546875 0.0703125 0.10625
2 0.359375 0.24140625 0.0671875 0.1390625
2 0.53828125 0.2984375 0.059375 0.125
3 0.16953125 0.4109375 0.146875 0.3953125
3 0.34375 0.44140625 0.128125 0.271875
3 0.0734375 0.45703125 0.0765625 0.18125
3 0.73671875 0.4578125 0.134375 0.36875
3 0.2390625 0.4734375 0.0390625 0.18125
3 0.64921875 0.4984375 0.0546875 0.15
3 0.40390625 0.5140625 0.0328125 0.134375
3 0.27734375 0.5171875 0.0296875 0.159375
3 0.796875 0.525 0.0515625 0.2078125
3 0.4546875 0.5359375 0.04375 0.1734375
3 0.51796875 0.5359375 0.1328125 0.325
3 0.5671875 0.5359375 0.053125 0.2046875
1 0.07109375 0.56953125 0.0296875 0.0703125
1 0.2328125 0.57421875 0.0125 0.065625
3 0.1546875 0.603125 0.1703125 0.7796875
3 0.33984375 0.6046875 0.1546875 0.615625
1 0.6390625 0.61640625 0.0265625 0.1015625
3 0.7140625 0.63125 0.1796875 0.71875
1 0.77890625 0.65 0.034375 0.1109375
3 0.95703125 0.6546875 0.0828125 0.4546875
3 0.5171875 0.65859375 0.1515625 0.5765625
3 0.89453125 0.734375 0.0796875 0.2359375
2 0.1859375 0.1359375 0.0796875 0.1546875