2 0.078125 0.1703125 0.053125 0.1015625
2 0.225 0.2328125 0.05625 0.1109375
2 0.68984375 0.240625 0.0890625 0.11875
2 0.3546875 0.26171875 0.0609375 0.0875
3 0.0171875 0.4 0.0265625 0.146875
3 0.2328125 0.4046875 0.1015625 0.24375
3 0.49296875 0.40625 0.134375 0.3390625
3 0.14765625 0.41015625 0.04375 0.159375
3 0.4328125 0.44921875 0.0359375 0.1453125
3 0.18359375 0.46015625 0.021875 0.0875
3 0.31015625 0.4671875 0.0265625 0.15
3 0.28125 0.4703125 0.0359375 0.115625
3 0.5375 0.48203125 0.065625 0.196875
1 0.01171875 0.4859375 0.0203125 0.053125
3 0.353125 0.48828125 0.1078125 0.2984375
3 0.38828125 0.48828125 0.0625 0.1703125
1 0.134375 0.50625 0.0203125 0.059375
3 0.06953125 0.525 0.1328125 0.575
3 0.23671875 0.546875 0.11875 0.5390625
1 0.42890625 0.56484375 0.0203125 0.090625
3 0.665625 0.6046875 0.209375 0.4671875
3 0.353125 0.61171875 0.125 0.5390625
3 0.48828125 0.61796875 0.1640625 0.7625
3 0.57578125 0.65390625 0.0671875 0.240625
3 0.6578125 0.68515625 0.24375 0.625
3 0.75390625 0.71484375 0.0703125 0.2015625
2 0.49375 0.1140625 0.0703125 0.0984375