2 0.115625 0.14765625 0.23125 0.29375
2 0.9 0.27421875 0.0875 0.1453125
2 0.68046875 0.30546875 0.0625 0.075
2 0.41953125 0.3140625 0.075 0.1375
2 0.55390625 0.33203125 0.0671875 0.125
3 0.91015625 0.40625 0.1390625 0.1640625
3 0.67578125 0.43984375 0.103125 0.1640625
3 0.546875 0.44453125 0.10625 0.1421875
3 0.38671875 0.46015625 0.1390625 0.2046875
3 0.703125 0.46640625 0.075 0.1375
3 0.94921875 0.47265625 0.096875 0.11875
3 0.63203125 0.50390625 0.0453125 0.11875
3 0.68125 0.52890625 0.121875 0.3359375
3 0.553125 0.540625 0.1140625 0.3328125
3 0.52265625 0.5625 0.0546875 0.1328125
3 0.5796875 0.5640625 0.05625 0.1453125
3 0.35703125 0.56640625 0.115625 0.1703125
3 0.390625 0.56640625 0.18125 0.384375
3 0.4625 0.56953125 0.0828125 0.1546875
3 0.83984375 0.578125 0.0703125 0.146875
3 0.915625 0.5828125 0.159375 0.4890625
3 0.13125 0.73203125 0.2625 0.53125