2 0.48828125 0.30078125 0.0765625 0.0828125
2 0.7171875 0.35546875 0.034375 0.0578125
2 0.95546875 0.3921875 0.0609375 0.0578125
2 0.34140625 0.39453125 0.04375 0.0703125
2 0.446875 0.4109375 0.021875 0.0390625
2 0.5890625 0.43125 0.028125 0.04375
3 0.71484375 0.5046875 0.071875 0.1953125
3 0.34609375 0.55390625 0.0828125 0.2265625
3 0.5890625 0.5578125 0.059375 0.159375
1 0.75234375 0.60546875 0.0125 0.053125
3 0.71875 0.615625 0.1078125 0.4265625
3 0.59375 0.61796875 0.0765625 0.29375
3 0.94453125 0.6265625 0.10625 0.3015625
3 0.47109375 0.62890625 0.1421875 0.4
1 0.303125 0.6453125 0.0140625 0.0484375
3 0.34609375 0.6703125 0.0953125 0.4578125
3 0.48828125 0.703125 0.1921875 0.59375
3 0.93046875 0.7375 0.1328125 0.525
1 0.89453125 0.76953125 0.021875 0.053125