2 0.37578125 0.64609375 0.009375 0.01328125
2 0.39140625 0.64453125 0.00859375 0.01171875
0 0.3734375 0.715625 0.00703125 0.00703125
0 0.3796875 0.71328125 0.0078125 0.00625
0 0.38984375 0.72421875 0.0078125 0.003125
2 0.45703125 0.6 0.0078125 0.0109375
2 0.43671875 0.57890625 0.00703125 0.01171875
2 0.43046875 0.56953125 0.00625 0.0078125
2 0.59921875 0.271875 0.00703125 0.01328125
2 0.55390625 0.2671875 0.00859375 0.0125
2 0.5390625 0.2625 0.00703125 0.0109375
3 0.15234375 0.38359375 0.01328125 0.03046875
0 0.1453125 0.42421875 0.00625 0.01171875
0 0.15703125 0.43203125 0.00625 0.00859375
0 0.440625 0.89140625 0.0078125 0.00703125
0 0.4359375 0.875 0.00703125 0.00859375
0 0.43515625 0.8609375 0.00390625 0.0078125
3 0.4453125 0.8421875 0.00859375 0.028125
3 0.4546875 0.62265625 0.009375 0.034375
3 0.43828125 0.60078125 0.0109375 0.03125
3 0.4296875 0.59453125 0.00625 0.0328125
0 0.4265625 0.63828125 0.0078125 0.01015625
0 0.43671875 0.64921875 0.00546875 0.00625
0 0.44453125 0.671875 0.00390625 0.00625
0 0.45234375 0.6734375 0.00703125 0.009375
3 0.5984375 0.296875 0.01171875 0.03125
3 0.55078125 0.29296875 0.0109375 0.03203125
3 0.53828125 0.284375 0.01171875 0.03046875
0 0.5421875 0.334375 0.00703125 0.00546875
0 0.55234375 0.33125 0.00546875 0.0046875
0 0.53125 0.33046875 0.00390625 0.009375
0 0.5375 0.3296875 0.0046875 0.00859375