2 0.8703125 0.140625 0.1484375 0.2265625
2 0.6671875 0.21640625 0.1375 0.1921875
2 0.53515625 0.23046875 0.1296875 0.18125
2 0.28125 0.24609375 0.1375 0.1875
2 0.15390625 0.31953125 0.1296875 0.1546875
2 0.9484375 0.3375 0.0984375 0.2328125
2 0.04921875 0.33671875 0.0984375 0.1375
2 0.82421875 0.43984375 0.15 0.2015625
2 0.57578125 0.0484375 0.128125 0.096875
2 0.27890625 0.0484375 0.134375 0.096875
2 0.6921875 0.5421875 0.1109375 0.1875
2 0.05078125 0.5828125 0.1015625 0.1296875
2 0.1515625 0.6 0.1421875 0.1703125
2 0.55625 0.66484375 0.1765625 0.3953125
2 0.93984375 0.66953125 0.115625 0.2140625
2 0.1453125 0.08046875 0.1234375 0.1609375
2 0.04296875 0.084375 0.084375 0.1421875
2 0.6765625 0.85 0.1484375 0.2
2 0.053125 0.89921875 0.10625 0.196875
2 0.1609375 0.91015625 0.1203125 0.1765625
2 0.8265625 0.9484375 0.1203125 0.0984375